# SI neutrino floor for Xe 
#  Column 0 = Mass [GeV] 
#  Column 1 = Cross section [cm^2]
1.000000000000000056e-01 4.330133420120822998e-45
1.023340212191641979e-01 4.493567139872249990e-45
1.047225189888434937e-01 4.673027960847833534e-45
1.071667648032863518e-01 4.864700140233698375e-45
1.096680598336868540e-01 5.063791740339597176e-45
1.122277356208507687e-01 5.276115604360476119e-45
1.148471547840289320e-01 5.503904257587274049e-45
1.175277117462945192e-01 5.742307712438160524e-45
1.202708334768511633e-01 5.996017949362145825e-45
1.230779802506665188e-01 6.268500784419491443e-45
1.259506464258358105e-01 6.558866758142057710e-45
1.288903612390892850e-01 6.860632895453015235e-45
1.318986896198670322e-01 7.184194328817564252e-45
1.349772330233942608e-01 7.526183733755188636e-45
1.381276302832009917e-01 7.893515263101182952e-45
1.413515584835395578e-01 8.281158192294331267e-45
1.446507338521646480e-01 8.697282849147614255e-45
1.480269126739509333e-01 9.135126861267912689e-45
1.514818922258345801e-01 9.607317961076068764e-45
1.550175117335770014e-01 1.010779942590643167e-44
1.586356533508590516e-01 1.065462625961622787e-44
1.623382431612278576e-01 1.123993561004521091e-44
1.661272522034293042e-01 1.186997509645540502e-44
1.700046975206717659e-01 1.255394654024139958e-44
1.739726432343801643e-01 1.328398631504860478e-44
1.780332016430113962e-01 1.407897817456164325e-44
1.821885343465167173e-01 1.494201983559757091e-44
1.864408533970486059e-01 1.586610887724551756e-44
1.907924224765266130e-01 1.686601482152008480e-44
1.952455581016860897e-01 1.792967238557640198e-44
1.998026308572550258e-01 1.904154180376473920e-44
2.044660666579116715e-01 2.020769943855817403e-44
2.092383480396977358e-01 2.143166901340446834e-44
2.141220154815729471e-01 2.272511462252428713e-44
2.191196687578149116e-01 2.403685944868363522e-44
2.242339683219846114e-01 2.538601616332416403e-44
2.294676367231936187e-01 2.673392260785522980e-44
2.348234600554276463e-01 2.812560996029848462e-44
2.403042894406968444e-01 2.950552734616635123e-44
2.459130425468045167e-01 3.090720787122175179e-44
2.516527051405391679e-01 3.233033958279573624e-44
2.575263326771200512e-01 3.372132979146192864e-44
2.635370519267394296e-01 3.510269602585209258e-44
2.696880626390693036e-01 3.648711141507208038e-44
2.759826392466180334e-01 3.786783004011782813e-44
2.824241326078434922e-01 3.924912073860146621e-44
2.890159717909510095e-01 4.065003693600712072e-44
2.957616658993253433e-01 4.204619496900582956e-44
3.026648059395692369e-01 4.343634788967985395e-44
3.097290667331408232e-01 4.482221515087486854e-44
3.169582088726116131e-01 4.621627352715563101e-44
3.243560807235811305e-01 4.763236634740168509e-44
3.319266204733188896e-01 4.906839840288694663e-44
3.396738582272207929e-01 5.051521081756476458e-44
3.476019181541978309e-01 5.196450171860452598e-44
3.557150206821386162e-01 5.340478122589865885e-44
3.640174847446140394e-01 5.483266282752425615e-44
3.725137300800211437e-01 5.624009573331700778e-44
3.812082795843889094e-01 5.760173941601934072e-44
3.901057617190992199e-01 5.888831449835900406e-44
3.992109129748051544e-01 6.010036281373374870e-44
4.085285803928562220e-01 6.122223551150101986e-44
4.180637241455757991e-01 6.221860815053294832e-44
4.278214201767616132e-01 6.311862231414036185e-44
4.378068629038168735e-01 6.389225413329496075e-44
4.480253679829490632e-01 6.452909002670001208e-44
4.584823751389096036e-01 6.505803467010832539e-44
4.691834510607797992e-01 6.549974835844407336e-44
4.801342923653452721e-01 6.577963065385701163e-44
4.913407286296362919e-01 6.591113544237428538e-44
5.028087254942479323e-01 6.591592203846980001e-44
5.145443878390927317e-01 6.578212078554839318e-44
5.265539630332757293e-01 6.545078161346773867e-44
5.388438442608223244e-01 6.490594625661989436e-44
5.514205739240300996e-01 6.415635527733391062e-44
5.642908471262539916e-01 6.313118704084708600e-44
5.774615152359821035e-01 6.179018919451414387e-44
5.909395895340970872e-01 6.005816195427232295e-44
6.047322449462647631e-01 5.795087002542092793e-44
6.188468238624386109e-01 5.549693243879892744e-44
6.332908400455115050e-01 5.276019844066451492e-44
6.480719826311969189e-01 4.986018169702080300e-44
6.631981202212672288e-01 4.685531526399496270e-44
6.786773050723297063e-01 4.378911515119073066e-44
6.945177773823696388e-01 4.069901147302854932e-44
7.107279696773417532e-01 3.761005249145512554e-44
7.273165113001457405e-01 3.455547297414310301e-44
7.442922330043759693e-01 3.156022469746834416e-44
7.616641716552892127e-01 2.865464640844587860e-44
7.794415750404949383e-01 2.585813473276233079e-44
7.976339067929276716e-01 2.317866372710269811e-44
8.162508514287228900e-01 2.063987185819936310e-44
8.353023195026776371e-01 1.826607634199320995e-44
8.547984528840409935e-01 1.607066540473543605e-44
8.747496301554417153e-01 1.407357148359083460e-44
8.951664721378301826e-01 1.227321559285925059e-44
9.160598475443707533e-01 1.069411383277206455e-44
9.374408787662995568e-01 9.318109599902754077e-45
9.593209477938243745e-01 8.144059824774333180e-45
9.817117022752193112e-01 7.147775149724465509e-45
1.004625061717340895e+00 6.302036977683307439e-45
1.028073223830865190e+00 5.582313567439400962e-45
1.052068671023622892e+00 4.971308620326084837e-45
1.076624177045493402e+00 4.449353208076977227e-45
1.101752813788386742e+00 3.998255836673068162e-45
1.127467958244946722e+00 3.607762890281768383e-45
1.153783299629660863e+00 3.269585815638271782e-45
1.180712846666189586e+00 2.974346208982567504e-45
1.208270935044776451e+00 2.716384122806023645e-45
1.236472235053714952e+00 2.490077083971225744e-45
1.265331759388942823e+00 2.290981883261887271e-45
1.294864871145904317e+00 2.117892400584657801e-45
1.325087291997953276e+00 1.964296018080301255e-45
1.356015110565633286e+00 1.830426387798883841e-45
1.387664790981308460e+00 1.713412422842319517e-45
1.420053181653682550e+00 1.610647290087492642e-45
1.453197524236896188e+00 1.520589210096934317e-45
1.487115462808953792e+00 1.443355469061533694e-45
1.521825053264386218e+00 1.375680510886794261e-45
1.557344772926134269e+00 1.317923613555590728e-45
1.593693530381774526e+00 1.267553387248603842e-45
1.630890675549332647e+00 1.224837033556537118e-45
1.668956009978024069e+00 1.189371475342925140e-45
1.707909797389427720e+00 1.159294822062738727e-45
1.747772774464680934e+00 1.133271739477722602e-45
1.788566161883461847e+00 1.112793367741900844e-45
1.830311675620612144e+00 1.095808136090472290e-45
1.873031538506437554e+00 1.083583761438567070e-45
1.916748492056814968e+00 1.073719895591048835e-45
1.961485808579430445e+00 1.066514763588158628e-45
2.007267303562569438e+00 1.062428228499480451e-45
2.054117348353064365e+00 1.059936508659998469e-45
2.102060883130158597e+00 1.060164521387611101e-45
2.151123430182166008e+00 1.062277235949812559e-45
2.201331107493031070e+00 1.066261445247230953e-45
2.252710642645980421e+00 1.071623831256855444e-45
2.305289387051708605e+00 1.077939218045094541e-45
2.359095330508635069e+00 1.086074797926508260e-45
2.414157116103019085e+00 1.095096395022500589e-45
2.470504055456825387e+00 1.105114532515166983e-45
2.528166144331499332e+00 1.116434289170154450e-45
2.587174078595922744e+00 1.128384398636537859e-45
2.647559270567066747e+00 1.141711955133272055e-45
2.709353865732051503e+00 1.155305763397093698e-45
2.772590759860482645e+00 1.169155045551409860e-45
2.837303616516213101e+00 1.184633679500237719e-45
2.903526884977813971e+00 1.199283341000883683e-45
2.971295818577333936e+00 1.215499285585402448e-45
3.040646493467066946e+00 1.231971682396175701e-45
3.111615827824361524e+00 1.248305032969620443e-45
3.184241601504652852e+00 1.264773452621020108e-45
3.258562476153224807e+00 1.281806580844962284e-45
3.334618015786364520e+00 1.298291652612244139e-45
3.412448707852889562e+00 1.314797718599493607e-45
3.492095984787271234e+00 1.332269391400715654e-45
3.573602246065786581e+00 1.348046744858677173e-45
3.657010880777491479e+00 1.364120900011799523e-45
3.742366290721980793e+00 1.379899648550896876e-45
3.829713914046280809e+00 1.394254308184968638e-45
3.919100249433403960e+00 1.408995335316922405e-45
4.010572880855495903e+00 1.422052312250677089e-45
4.104180502904709371e+00 1.434746234790623749e-45
4.199972946715304190e+00 1.445827796678184912e-45
4.298001206490796200e+00 1.456189222318084064e-45
4.398317466650223828e+00 1.463839753555425650e-45
4.500975129608046466e+00 1.470677338973748804e-45
4.606028844202400663e+00 1.475865573313930247e-45
4.713534534786909092e+00 1.478045619122602625e-45
4.823549431001467269e+00 1.477869222878405350e-45
4.936132098237917099e+00 1.474792379553005415e-45
5.051342468816764075e+00 1.468981975154125453e-45
5.169241873891598615e+00 1.459142295661114384e-45
5.289893076098151070e+00 1.446199991806174928e-45
5.413360302965378068e+00 1.427730291905947146e-45
5.539709281106403260e+00 1.404379894607866266e-45
5.669007271207433973e+00 1.373758024940027203e-45
5.801323103833378347e+00 1.336310209969499702e-45
5.936727216069122903e+00 1.289899410036704313e-45
6.075291689016074415e+00 1.233494172641050811e-45
6.217090286163826640e+00 1.163666293129623295e-45
6.362198492657488380e+00 1.078386599827628051e-45
6.510693555481458006e+00 9.783426725930817913e-46
6.662654524581149929e+00 8.649750119469992667e-46
6.818162294944479562e+00 7.446192704037552801e-46
6.977299649665534176e+00 6.206248474837854886e-46
7.140151304013399702e+00 4.958875147817963764e-46
7.306803950529499936e+00 3.739529272066891543e-46
7.477346305177587915e+00 2.550868195194286030e-46
7.651869154570821507e+00 5.470587113694405141e-47
7.830465404301186538e+00 3.736941718589426271e-47
8.013230128396886087e+00 2.853181756676871227e-47
8.200260619934130801e+00 2.246617729680038565e-47
8.391656442830157658e+00 1.798096855093344616e-47
8.587519484845170581e+00 1.454963384935116269e-47
8.787954011821319966e+00 1.187424081803045782e-47
8.993066723187618905e+00 9.762515606481329848e-48
9.202966808760415063e+00 8.084704892086962443e-48
9.417766006869518591e+00 6.738739945061139088e-48
9.637578663841088300e+00 5.654210170048905875e-48
9.862521794868779779e+00 4.773860120221390116e-48
1.009271514630570721e+01 4.055958127229368556e-48
1.032828125941028574e+01 3.465427105103539908e-48
1.056934553557988288e+01 2.978420805612776095e-48
1.081603630310709363e+01 2.573791319737530619e-48
1.106848488549412046e+01 2.236821872516034788e-48
1.132682567136153828e+01 1.956183647061031502e-48
1.159119618598885637e+01 1.720835936690386266e-48
1.186173716452477933e+01 1.523151267847675799e-48
1.213859262690627716e+01 1.355931794787528665e-48
1.242190995452617486e+01 1.214427532339469716e-48
1.271183996869028832e+01 1.093708407549383500e-48
1.300853701090570524e+01 9.913380323803393661e-49
1.331215902504307635e+01 9.039829082100416376e-49
1.362286764141646778e+01 8.295222713251966001e-49
1.394082826282577159e+01 7.660709575406775247e-49
1.426621015260736947e+01 7.115573534472005894e-49
1.459918652473978717e+01 6.646977121354845046e-49
1.493993463605257688e+01 6.241278233075478180e-49
1.528863588058729484e+01 5.892435291036366107e-49
1.564547588616095730e+01 5.591780297847687080e-49
1.601064461318317811e+01 5.332631831325069788e-49
1.638433645577984876e+01 5.109583878638088473e-49
1.676675034527699282e+01 4.913457813641759129e-49
1.715808985610004811e+01 4.744330626209262353e-49
1.755856331414468841e+01 4.596258795342142832e-49
1.796838390767719318e+01 4.465924423989889377e-49
1.838776980082326773e+01 4.353349181005598661e-49
1.881694424970555701e+01 4.254840396342349392e-49
1.925613572129198658e+01 4.168736795256625232e-49
1.970557801501798423e+01 4.093882302852334348e-49
2.016551038724746547e+01 4.028815789180377533e-49
2.063617767863858532e+01 3.970746064505931430e-49
2.111783044448244340e+01 3.921195191413912877e-49
2.161072508808376469e+01 3.877579666467307287e-49
2.211512399725488720e+01 3.840442888340015572e-49
2.263129568399529745e+01 3.808909354531776329e-49
2.315951492743151974e+01 3.782701944153450333e-49
2.370006292009328064e+01 3.760407714120516453e-49
2.425322741760352940e+01 3.741829061792465699e-49
2.481930289186255223e+01 3.726983440266782500e-49
2.539859068780723916e+01 3.715492457593325506e-49
2.599139918382932990e+01 3.707818969345064016e-49
2.659804395593758386e+01 3.702180887208532586e-49
2.721884794575179711e+01 3.699573958093162389e-49
2.785414163241766161e+01 3.699390214985696640e-49
2.850426320853434703e+01 3.701346070672247782e-49
2.916955876018796090e+01 3.705972101666785672e-49
2.985038245118729350e+01 3.712107929673719526e-49
3.054709671159968210e+01 3.720032575751395692e-49
3.126007243068703545e+01 3.730053457957519829e-49
3.198968915434537763e+01 3.742573504363881581e-49
3.273633528715244267e+01 3.755674740912368729e-49
3.350040829913132967e+01 3.770837078606648214e-49
3.428231493733970581e+01 3.787119934507559340e-49
3.508247144239792448e+01 3.805394929956602609e-49
3.590130377007068319e+01 3.825063216622538550e-49
3.673924781802074335e+01 3.845784635136498585e-49
3.759674965785467293e+01 3.868318671195519922e-49
3.847426577258502078e+01 3.892071057481588767e-49
3.937226329963479543e+01 3.916991872455158472e-49
4.029122027951348173e+01 3.943062112708838961e-49
4.123162591029752377e+01 3.970288994087060548e-49
4.219398080805024165e+01 3.999713008406520788e-49
4.317879727332021389e+01 4.030207792965500828e-49
4.418659956385941712e+01 4.061974878995632357e-49
4.521792417370701855e+01 4.094522108375219169e-49
4.627332011878688434e+01 4.128546563459004081e-49
4.735334922917115819e+01 4.164786514722490317e-49
4.845858644816495797e+01 4.201716727036031964e-49
4.958962013837211913e+01 4.239059877818069819e-49
5.074705239490465658e+01 4.280119030978381639e-49
5.193149936590211979e+01 4.321853770072214668e-49
5.314359158053241572e+01 4.364170631517404557e-49
5.438397428464796235e+01 4.408850293044166815e-49
5.565330778427645697e+01 4.455090228974255341e-49
5.695226779712825049e+01 4.502261635198611978e-49
5.828154581230845821e+01 4.552040291290796714e-49
5.964184945842459484e+01 4.603060798259047489e-49
6.103390288028621313e+01 4.655187574885646077e-49
6.245844712439618007e+01 4.710568123918284024e-49
6.391624053343998924e+01 4.767113910431672362e-49
6.540805914998252035e+01 4.824066003725114328e-49
6.693469712958660978e+01 4.885274426629217221e-49
6.849696716357446746e+01 4.947196189063663555e-49
7.009570091165618066e+01 5.010738459813678463e-49
7.173174944465613123e+01 5.077624692357981278e-49
7.340598369757212538e+01 5.144318590600484758e-49
7.511929493320968731e+01 5.215452467376903718e-49
7.687259521663727924e+01 5.288543606146822928e-49
7.866681790071581304e+01 5.363183985598635992e-49
8.050291812295981231e+01 5.440405646144973019e-49
8.238187331399601021e+01 5.519120441039495807e-49
8.430468371788967374e+01 5.601285019800273885e-49
8.627237292461450124e+01 5.685064488793186725e-49
8.828598841495150396e+01 5.772103865147066629e-49
9.034660211810525254e+01 5.861336061311064751e-49
9.245531098233570333e+01 5.953463693972194961e-49
9.461323755890769860e+01 6.047752194886737833e-49
9.682153059967086506e+01 6.145617317218092387e-49
9.908136566858665617e+01 6.245163540796951732e-49
1.013939457675291749e+02 6.348739941717574879e-49
1.037605019766911738e+02 6.453920520970373851e-49
1.061822941099383542e+02 6.563112248279259819e-49
1.086606113854596884e+02 6.674620845068809163e-49
1.111967731120698915e+02 6.789436632272675426e-49
1.137921293915315033e+02 6.907705100778897985e-49
1.164480618372685541e+02 7.028391854871010588e-49
1.191659843098558724e+02 7.153225874118401562e-49
1.219473436696738275e+02 7.280675591994216221e-49
1.247936205471311411e+02 7.412289550341655669e-49
1.277063301308643446e+02 7.546701464234191052e-49
1.306870229743346385e+02 7.685495249436641329e-49
1.337372858212496283e+02 7.826372071313914023e-49
1.368587424502517820e+02 7.972371038492530442e-49
1.400530545393219768e+02 8.121704897300530122e-49
1.433219225503573853e+02 8.274040986116819695e-49
1.466670866343968669e+02 8.431756254410764263e-49
1.500903275579734952e+02 8.592527330132380669e-49
1.535934676510896963e+02 8.758669302788746393e-49
1.571783717773162721e+02 8.926927136044138932e-49
1.608469483265355109e+02 9.100232569531076245e-49
1.646011502308549836e+02 9.278620064840428863e-49
1.684429760042315252e+02 9.461012149472153198e-49
1.723744708063619839e+02 9.649009858138060588e-49
1.763977275314043425e+02 9.839517436448102190e-49
1.805148879221108302e+02 1.003540988233541593e-48
1.847281437099634047e+02 1.023745044376024573e-48
1.890397377819221560e+02 1.044329267683328500e-48
1.934519653744044376e+02 1.065470405568797807e-48
1.979671752951332735e+02 1.087113666777863424e-48
2.025877711735017215e+02 1.109328144547047187e-48
2.073162127401228929e+02 1.132108435293439865e-48
2.121550171362450214e+02 1.155242093057576084e-48
2.171067602537264918e+02 1.179074731774667806e-48
2.221740781062884764e+02 1.203566407430374985e-48
2.273596682327715257e+02 1.228541203854166927e-48
2.326662911331457906e+02 1.254124842227337583e-48
2.380967717380358408e+02 1.280371013131450322e-48
2.436540009125465929e+02 1.307283423364898749e-48
2.493409369951878034e+02 1.334765581451486056e-48
2.551606073727183741e+02 1.362863982869710980e-48
2.611161100917459521e+02 1.391850481548505499e-48
2.672106155079432597e+02 1.421419853994942084e-48
2.734473679737579914e+02 1.451539198985147714e-48
2.798296875655115628e+02 1.482644924954209952e-48
2.863609718508116089e+02 1.514399347252362413e-48
2.930446976972141329e+02 1.546721241460189582e-48
2.998844231231027493e+02 1.580106427969845038e-48
3.068837891917642082e+02 1.614182015214146553e-48
3.140465219496752525e+02 1.648838828786863096e-48
3.213764344100275707e+02 1.684695416965611693e-48
3.288774285825510333e+02 1.721246993315833197e-48
3.365534975507094373e+02 1.758424489533715663e-48
3.444087275973819828e+02 1.796913407811863359e-48
3.524473003801584241e+02 1.836107268137420449e-48
3.606734951574027832e+02 1.875987526001219073e-48
3.690916910662778605e+02 1.917297969963692302e-48
3.777063694539364747e+02 1.959310858382783873e-48
3.865221162631261791e+02 2.002064095092305731e-48
3.955436244734701745e+02 2.046437835132501126e-48
4.047756965997322141e+02 2.091425853473134064e-48
4.142232472483893844e+02 2.137306507531886000e-48
4.238913057338778572e+02 2.184951944763613762e-48
4.337850187558988750e+02 2.233147842032340795e-48
4.439096531392166298e+02 2.282461205631176304e-48
4.542705986374043050e+02 2.333490242135453615e-48
4.648733708020256472e+02 2.385145035479468443e-48
4.757236139187889421e+02 2.438121455653234728e-48
4.868271040122278919e+02 2.492772629279838798e-48
4.981897519205160165e+02 2.548149302378233127e-48
5.098176064420424609e+02 2.605035725432896984e-48
5.217168575554348990e+02 2.663473310942014474e-48
5.338938397147350088e+02 2.723067510819561506e-48
5.463550352214875829e+02 2.784160414662595099e-48
5.591070776755293537e+02 2.846395336452885691e-48
5.721567555063245436e+02 2.910715832607997747e-48
5.855110155867238291e+02 2.975991940194631383e-48
5.991769669310618838e+02 3.042388420036522243e-48
6.131618844795775658e+02 3.111651471060520889e-48
6.274732129711574089e+02 3.181497959672155215e-48
6.421185709064758385e+02 3.252938657248527722e-48
6.571057546036270196e+02 3.327065084979155480e-48
6.724427423484249857e+02 3.401868728730421990e-48
6.881376986415663168e+02 3.478691516808264461e-48
7.041989785449288775e+02 3.557911640413538693e-48
7.206351321293052479e+02 3.638374969376727151e-48
7.374549090259546347e+02 3.720911637159329787e-48
7.546672630843886509e+02 3.805089743700888568e-48
7.722813571388642231e+02 3.892012213698566598e-48
7.903065678861347578e+02 3.980106559148704153e-48
8.087524908770449201e+02 4.069893968163687356e-48
8.276289456246344116e+02 4.163599893185885937e-48
8.469459808314585416e+02 4.257878880834877917e-48
8.667138797389233105e+02 4.354537347410679516e-48
8.869431656014704686e+02 4.454653960212205132e-48
9.076446072885356671e+02 4.555878674028970339e-48
9.288292250172498825e+02 4.659877486303230089e-48
9.505082962189502496e+02 4.766180654317270284e-48
9.726933615426169126e+02 4.875625336121442101e-48
9.953962309984233343e+02 4.986602580571811277e-48
1.018628990244686520e+03 5.099700977259052485e-48
1.042404007021555799e+03 5.217888963473392883e-48
1.066733937734857136e+03 5.336646101238495098e-48
1.091631734193614648e+03 5.458432867942055406e-48
1.117110650504824207e+03 5.584640745752349593e-48
1.143184250129150314e+03 5.712244497751646490e-48
1.169866413101305625e+03 5.843240963264294197e-48
1.197171343418965762e+03 5.977061121256489996e-48
1.225113576604117725e+03 6.115083142248495363e-48
1.253707987440919624e+03 6.254805640446476525e-48
1.282969797894147632e+03 6.397489163195317621e-48
1.312914585212465227e+03 6.546300942689212245e-48
1.343558290220826166e+03 6.695887753221386184e-48
1.374917225806420447e+03 6.849442987771956396e-48
1.407008085602683650e+03 7.008109481072097019e-48
1.439847952876006502e+03 7.169557472868424770e-48
1.473454309619834248e+03 7.334186995620737635e-48
1.507845045861050949e+03 7.501931761393531158e-48
1.543038469183564530e+03 7.676707348032895916e-48
1.579053314474175750e+03 7.852564913845915714e-48
1.615908753895919062e+03 8.032671171218517315e-48
1.653624407094178878e+03 8.219932547645878078e-48
1.692220351641035450e+03 8.408698405597030058e-48
1.731717133723352845e+03 8.602626597949234581e-48
1.772135779080358361e+03 8.801062943174486393e-48
1.813497804196495281e+03 9.005337190072216423e-48
1.855825227755518881e+03 9.212169065467690245e-48
1.899140582361935458e+03 9.423394355817004763e-48
1.943466926536018264e+03 9.643873308881969643e-48
1.988827856988807753e+03 9.865426989817063899e-48
2.035247521183575600e+03 1.009278584432406783e-47
2.082750630190514130e+03 1.032750784164996152e-47
2.131362471841437582e+03 1.056706554535080312e-47
2.181108924191520146e+03 1.081023192916832025e-47
2.232016469295234401e+03 1.105854641797660611e-47
2.284112207303825471e+03 1.131763126628589243e-47
2.337423870891812385e+03 1.157782016373297118e-47
2.391979840020237134e+03 1.184474114630669697e-47
2.447809157044440326e+03 1.212161566159195256e-47
2.504941542174502501e+03 1.240192891420013339e-47
2.563407409296515198e+03 1.268857366293507352e-47
2.623237882163123686e+03 1.298101676402961124e-47
2.684464810961965213e+03 1.328480911320335350e-47
2.747120789270808928e+03 1.359073823962214209e-47
2.811239171408461061e+03 1.390401925856914233e-47
2.876854090190591251e+03 1.423014733944877838e-47
2.944000475100033782e+03 1.455864286061809062e-47
3.012714070881164389e+03 1.489597562800426971e-47
3.083031456568277008e+03 1.524105271076361643e-47
3.154990064958088624e+03 1.559682707257398917e-47
3.228628202536726803e+03 1.595654312126115488e-47
3.303985069871854648e+03 1.632431435430570345e-47
3.381100782480682028e+03 1.670813258836687552e-47
3.460016392185108998e+03 1.709373104980519012e-47
3.540773908965269584e+03 1.749019211719862081e-47
3.623416323323149754e+03 1.789679275380791427e-47
3.707987629168172589e+03 1.831422216606437340e-47
3.794532847236942416e+03 1.873709253424618542e-47
3.883098049059601180e+03 1.916884773207179777e-47
3.973730381485604084e+03 1.962012399690582785e-47
4.066478091781853891e+03 2.007323883635272509e-47
4.161390553316707155e+03 2.053842502787905545e-47
4.258518291843414772e+03 2.101795490366349067e-47
4.357913012397029888e+03 2.150799381028297841e-47
4.459627626819095894e+03 2.200488853779703075e-47
4.563716281924754185e+03 2.251285630353160944e-47
4.670234388327330635e+03 2.304291612462613928e-47
4.779238649935595276e+03 2.357505374551633423e-47
4.890787094139589499e+03 2.412100074071745571e-47
5.004939102700953299e+03 2.468623692487869029e-47
5.121755443364241728e+03 2.526168383529110246e-47
5.241298302206061635e+03 2.584579454995363506e-47
5.363631316739234535e+03 2.644312627888208034e-47
5.488819609789666174e+03 2.706569721222973345e-47
5.616929824163803460e+03 2.769073534434805488e-47
5.748030158125350681e+03 2.833230574522363490e-47
5.882190401699956055e+03 2.899754548924669868e-47
6.019481973827274487e+03 2.967264369881856703e-47
6.159977960380168952e+03 3.036007359547814666e-47
6.303753153071281304e+03 3.106231944177324531e-47
6.450884089267686250e+03 3.179362675980297694e-47
6.601449092734883379e+03 3.252829333455913829e-47
6.755528315331639533e+03 3.328189277653850639e-47
6.913203779678127830e+03 3.406455999588993269e-47
7.074559422819878819e+03 3.485678250092645769e-47
7.239681140910876820e+03 3.566545322011431229e-47
7.408656834939567489e+03 3.649118503530281921e-47
7.581576457522102828e+03 3.735025683047688809e-47
7.758532060787827504e+03 3.821380537930079693e-47
7.939617845382275846e+03 3.909906240604361019e-47
8.124930210614047610e+03 4.001974261088021093e-47
8.314567805772063366e+03 4.094962145606006132e-47
8.508631582640580746e+03 4.190076863925346148e-47
8.707224849239921241e+03 4.287199159149201509e-47
8.910453324821502974e+03 4.388080718854310386e-47
9.118425196146561575e+03 4.489587655713316945e-47
9.331251175078239612e+03 4.593587364996295895e-47
9.549044557518078364e+03 4.701876380638004697e-47
9.771921283717996630e+03 4.811042124526882000e-47
1.000000000000000000e+04 4.922901389274950230e-47
