4.015293017524179109e-01 1.357669546667168810e-39
4.130597810052031305e-01 8.436961531169248304e-40
4.154053101302340179e-01 3.306435018262380885e-40
4.522296618813850810e-01 6.689793058102476542e-41
4.678577680982326514e-01 4.637706042972853535e-41
4.849812519885532969e-01 1.171774328099634760e-41
5.154713679038382956e-01 4.102309043009273452e-42
5.455014143597932685e-01 2.664343293648189645e-42
5.934681910933475857e-01 7.317127015342808959e-43
6.280421334272092704e-01 5.077584084413349230e-43
7.153998550686317959e-01 2.374161770607295616e-43
7.528024922430263111e-01 1.261080926400674987e-43
8.057320677611818915e-01 4.546814426105422692e-44
8.771576378173712163e-01 2.895670347502552462e-44
1.057375031020301837e+00 1.186022305740962690e-44
1.190887814844889370e+00 8.230181013343249437e-45
1.730508171318263955e+00 3.764243100970579574e-45
2.121790281368682418e+00 3.201756802448523102e-45
2.489143972594070053e+00 2.916881131442738530e-45
3.780367841530873907e+00 3.346248242109437074e-45
5.205651566191890289e+00 4.249311650933998675e-45
5.994842503189421024e+00 2.451210063563074078e-45
6.664303839982531841e+00 1.107255350609212026e-45
7.151647994711399114e+00 6.789822281224124971e-46
7.901566973510973924e+00 4.582099151401449195e-46
8.990450753738995715e+00 3.025995098366114541e-46
1.121211821518946827e+01 1.560705615445061138e-46
1.313842791475134675e+01 1.118104485236989401e-46
1.460711092256958921e+01 7.036415424772111434e-47
1.804076176831987866e+01 5.682575623739528285e-47
2.211992617136786521e+01 4.192629612750975588e-47
2.712142314777283403e+01 3.690685439596430809e-47
3.325379966740904081e+01 3.566130035361249434e-47
4.077275688281813615e+01 3.601282031813940733e-47
4.999181207718251585e+01 3.745389338026552493e-47
6.129537136630342076e+01 3.933659500439870007e-47
7.515475824585867315e+01 4.381837952450009030e-47
9.214786632483813378e+01 5.176969594382169849e-47
1.129832557034161198e+02 6.116386427793910341e-47
1.385296977397580918e+02 6.880411657438635342e-47
1.698524001312575251e+02 8.330740796136457810e-47
2.082574227841455468e+02 1.033719522405442189e-46
2.553461364760133847e+02 1.257771925511521107e-46
4.236193747340221307e+02 2.189220850483596780e-46
5.770912601809139915e+02 3.139374064988853824e-46
7.320286839897868276e+02 4.265468926007572186e-46
9.444720293572463561e+02 5.696860312597657672e-46
1.138519575368908136e+03 7.068946046526960386e-46
1.550990666805103956e+03 1.066220297218203804e-45
1.967400539640554143e+03 1.397725253882612665e-45
2.662015061804315792e+03 2.029085049871822379e-45
3.729963625513004445e+03 3.132965227508237693e-45
4.584450759207355986e+03 3.838818516502962534e-45
5.621032727565489040e+03 5.169116674213487006e-45
