3.7060041407867494	 0.00022296814026665347
3.933747412008281	 0.0002970595032507591
4.140786749482403	 0.00034668583879935214
4.3064182194616984	 0.0003786820856391958
4.513457556935818	 0.000432297523503004
4.699792960662527	 0.00048808830593300193
4.886128364389234	 0.00045180608593918764
5.093167701863353	 0.0004618880658673649
5.258799171842649	 0.0004419441730072895
5.507246376811593	 0.0004618880658673649
5.755693581780537	 0.00045180608593918764
5.87991718426501	 0.00042286143870879506
6.128364389233954	 0.0004419441730072895
6.29399585921325	 0.00042286143870879506
6.459627329192547	 0.0005272841641637639
6.749482401656313	 0.0005888003386542434
6.873706004140785	 0.0006153715021344399
7.080745341614906	 0.0007505841012547536
7.329192546583852	 0.0008759756071944372
7.453416149068324	 0.001022314838692841
7.619047619047618	 0.0010451276294115724
7.908902691511387	 0.0011670585690931488
8.115942028985508	 0.0013322957391827233
8.32298136645963	 0.0014552556601365035
8.509316770186334	 0.0016250346279141352
8.695652173913043	 0.0016983685883836118
8.902691511387165	 0.0017750119366444408
9.109730848861282	 0.0016612970135063182
9.316770186335404	 0.0016983685883836118
9.4824016563147	 0.0017362674094743816
9.689440993788821	 0.0017362674094743816
9.89648033126294	 0.0016983685883836118
10.103519668737057	 0.0016983685883836118
10.310559006211179	 0.0017750119366444408
10.5175983436853	 0.0017750119366444408
10.724637681159418	 0.0018146210416885304
10.890269151138714	 0.0019820956145517286
11.138716356107661	 0.0018965105875802862
11.304347826086957	 0.001938830915421407
11.511387163561075	 0.002026325758464238
11.718426501035196	 0.002213338932611453
11.884057971014492	 0.0021650267107943847
12.111801242236023	 0.0023910807837574967
12.298136645962732	 0.0024715605012432945
12.505175983436853	 0.0024715605012432945
12.712215320910971	 0.0024715605012432945
12.89855072463768	 0.0024176118820729443
13.126293995859214	 0.0023648408401898626
13.333333333333332	 0.0021650267107943847
13.498964803312628	 0.0021650267107943847
13.70600414078675	 0.0018965105875802862
13.913043478260871	 0.0019820956145517286
14.120082815734989	 0.0017362674094743816
14.32712215320911	 0.001487729455449295
14.492753623188406	 0.0013924190875671768
14.699792960662528	 0.0012197251557007805
14.906832298136646	 0.001022314838692841
15.093167701863354	 0.0008663625691676395
15.320910973084889	 0.0007342005347535288
15.486542443064181	 0.0005888003386542434
15.693581780538302	 0.0004419441730072895
15.90062111801242	 0.00038713231529610416
16.107660455486542	 0.0003173930729285327
16.314699792960663	 0.0002545369282379598
16.52173913043478	 0.00024354626274809127
