# Matter power spectrum from Lyman alpha forest (eBOSS survey/SDSS quasars)
# k (h/Mpc)         P(k) (Mpc/h)^3    P_error (Mpc/h)^3
2.077419010039167624e-01 1.607405552735451693e+03 5.264351333859941633e+02
3.362432685672577248e-01 6.438795472075850057e+02 1.636204318095745691e+02
4.647446361305986873e-01 4.925353879181307093e+02 9.963671360468305238e+01
5.932460036939396497e-01 2.393280599960258712e+02 3.794181411099903301e+01
7.217473712572806122e-01 1.007611955210194736e+02 1.834600654191259750e+01
8.502487388206215746e-01 1.232342479702732874e+02 3.117224871849495571e+01
9.787501063839625370e-01 5.552901496359807254e+01 1.179743021496745925e+01
1.107251473947303388e+00 4.832813328644307660e+01 1.144150187735110435e+01
1.235752841510644462e+00 3.811358453069632191e+01 9.602644437386105736e+00
1.364254209073985535e+00 2.360803057320354981e+01 6.856255679458920227e+00
1.492755576637326165e+00 2.311280465479022794e+01 7.397872217012189111e+00
1.621256944200667238e+00 1.537669941303073173e+01 6.254439620256134980e+00
1.749758311764008312e+00 1.509235358664153281e+01 4.849163124987676987e+00
1.878259679327349385e+00 1.217613726608891334e+01 7.471014355044468758e+00
2.006761046890690459e+00 1.394117146451848299e+01 9.144539335137924496e+00
2.135262414454031088e+00 7.598900200324553822e+00 7.350113641354358407e+00
2.263763782017372606e+00 1.428185796894413073e+01 1.111318773033189977e+01
2.392265149580713235e+00 6.872890587534882911e+00 3.779904384147566798e+00
2.520766517144054308e+00 9.973435076114231634e+00 2.670023677358474146e+01
