# SDSS DR7 Matter power spectrum from LRGs (Reid et al.)
# k (h/Mpc)         P(k) (Mpc/h)^3    P_error (Mpc/h)^3
0.03285323826500297 20189.57139892644 2288.844949436102
0.03882664884135473 16279.530879111815 1616.5973266238695
0.04479991087344029 12400.234787546275 1223.3719422779532
0.050773172905525854 11625.865286161526 1004.4685200349631
0.05674658348187761 11217.081731557872 881.1794305246591
0.06271984551396316 10182.213392423495 797.658849845884
0.06869310754604874 9203.197221162849 718.4722233518944
0.07466651812240048 9997.290995201773 635.2471533908333
0.08063978015448604 8860.792130254875 562.6699721346545
0.0866131907308378 7233.9324332597425 490.2486175071581
0.09258645276292336 6525.999648907611 426.88722377266885
0.09855971479500893 5662.007691079823 366.13109976151605
0.10453312537136067 5221.697283214348 327.3478577038431
0.11050638740344623 4582.804340070742 298.1358295775604
0.116479797979798 4454.155352630928 280.14639911629644
0.12245306001188357 4351.721836171432 268.1868790605719
0.12842632204396912 4174.56684014533 259.9680668719826
0.13439973262032087 3701.416424925295 250.9944525096702
0.14037299465240644 3699.6227430623057 239.56210527378136
0.146346256684492 3303.827522898938 225.8425412330521
0.1523202614379085 3101.251346785838 211.34268534993225
0.1582932263814617 2871.363918777027 195.15981779889566
0.16426619132501488 2565.0551259774343 181.91948752669865
0.17023915626856806 2462.665109793756 171.5983296820225
0.17621360665478314 2508.9238073998413 162.57826545390918
0.18218657159833632 2262.1108762142126 154.49862356054362
0.18815953654188952 2178.61287333496 147.41758909169047
0.1941325014854427 2120.2524377688655 140.19113092068704
0.20010546642899588 1908.974939633864 134.09415484842583
0.20607991681521096 1795.2943161714963 128.50273822701382
0.21205288175876413 1795.4275425483186 122.95505751286106
0.2180258467023173 1685.1010139716377 117.83822528170123
0.22399881164587052 1513.2790600488452 113.15192000576432
0.2299732620320856 1503.6905278325469 110.55410308637764
0.23594622697563877 1481.01623312151 107.72349891584216
0.24191919191919195 1402.4176133546368 106.49219408148144
0.24789215686274513 1318.383278537322 104.98620457868249
0.2538666072489602 1256.4726155573628 102.51813857897422
0.2598395721925134 1251.0356418807958 99.23762392860569
0.26581253713606656 1167.522564666265 94.80124492988678
0.27178550207961977 1124.1437636413389 90.5500977404285
0.27775995246583485 1049.7094989678867 86.40863380722085
0.28373291740938805 1030.1263746257707 82.20017653900766
0.2897058823529412 965.4578859417509 78.35790952594333
0.2956788472964944 923.6673046656166 75.62516746190359