# Matter power spectrum for fuzzy dark matter with DM mass of 10^-22 eV
# k [h/Mpc]	P(k) [Mpc/h]^-3
1.000000000000000021e-03 3.978150357455119774e+03
1.018610170155975336e-03 4.046657255209852792e+03
1.037566678745185890e-03 4.115728457615228763e+03
1.056875971184803890e-03 4.185811104910286303e+03
1.076544612842315982e-03 4.257198002196490052e+03
1.096579291267809871e-03 4.329913421788092819e+03
1.116986818467822530e-03 4.404044091344815570e+03
1.137774133221491381e-03 4.479915745646579126e+03
1.158948303439810527e-03 4.557199384344909049e+03
1.180516528568805639e-03 4.635921284709693282e+03
1.202486142037412220e-03 4.716108213035262452e+03
1.224864613750930708e-03 4.797504977873756616e+03
1.247659552630869806e-03 4.880202910837152558e+03
1.270878709202058216e-03 4.964439866404539316e+03
1.294529978227915981e-03 5.050244486048462022e+03
1.318621401394748458e-03 5.137645944264121681e+03
1.343161170046015297e-03 5.223934541873954913e+03
1.368157627967471913e-03 5.311816863563624793e+03
1.393619274224142113e-03 5.401334690213637259e+03
1.419554766050101563e-03 5.492518458849604031e+03
1.445972921792019680e-03 5.585089588573871879e+03
1.472882723907501879e-03 5.678951385927157389e+03
1.500293322019218348e-03 5.774559967300338030e+03
1.528214036025869315e-03 5.871947840641239054e+03
1.556654359271062099e-03 5.971148118876149056e+03
1.585623961771137104e-03 6.072063255507712711e+03
1.615132693503091351e-03 6.174831890155432120e+03
1.645190587753662514e-03 6.279513066580637314e+03
1.675807864530767148e-03 6.386142377511242557e+03
1.706994934038407906e-03 6.492506751064621312e+03
1.738762400216250364e-03 6.594640138679994379e+03
1.771121064345088569e-03 6.698674246017501900e+03
1.804081928719382779e-03 6.804644445794579951e+03
1.837656200388170478e-03 6.912586769020971587e+03
1.871855294965579265e-03 7.025786572531856109e+03
1.906690840512251977e-03 7.142554360905689464e+03
1.942174681489026522e-03 7.261495217689903257e+03
1.978318882784164089e-03 7.382649584057361608e+03
2.015135733815558595e-03 7.506058653798065279e+03
2.052637752709252084e-03 7.631764387325427379e+03
2.090837690555750073e-03 7.759809525943314839e+03
2.129748535745521181e-03 7.890237606378534110e+03
2.169383518385184159e-03 8.023092975583761472e+03
2.209756114795903038e-03 8.158420805816042048e+03
2.250880052095461867e-03 8.292376832657560954e+03
2.292769312865648810e-03 8.419294255949502258e+03
2.335438139906479207e-03 8.548573634084670630e+03
2.378901041078893431e-03 8.680258923444587708e+03
2.423172794237600514e-03 8.814394898446538718e+03
2.468268452255692556e-03 8.951641486068459926e+03
2.514203348142796720e-03 9.091688460627976383e+03
2.560993100258459210e-03 9.234341733213881525e+03
2.608653617622547997e-03 9.379649807475911075e+03
2.657201105324506589e-03 9.526966845788736464e+03
2.706652070033241288e-03 9.672707433310386477e+03
2.757023325609582638e-03 9.821160277964447232e+03
2.808331998823172457e-03 9.972375855317664900e+03
2.860595535175741895e-03 1.012640558029565364e+04
2.913831704832788461e-03 1.028140778907155072e+04
2.968058608665602276e-03 1.043781569853369911e+04
3.023294684405776565e-03 1.059713438580467846e+04
3.079558712914226386e-03 1.075941802095480307e+04
3.136869824566876613e-03 1.092472178216859538e+04
3.195247505759213607e-03 1.108486107121130044e+04
3.254711605531848163e-03 1.124787805453575857e+04
3.315282342319423366e-03 1.141392881165819745e+04
3.376980310825091272e-03 1.158306980162522450e+04
3.439826489022924580e-03 1.175310962399033451e+04
3.503842245290675859e-03 1.192307244719029222e+04
3.569049345675229679e-03 1.209619830745018044e+04
3.635469961293317630e-03 1.227254606942790451e+04
3.703126675869927026e-03 1.245217569326267039e+04
3.772042493416997554e-03 1.262682482130099925e+04
3.842240846055060884e-03 1.280307457659793181e+04
3.913745601980383668e-03 1.298260436983087857e+04
3.986581073580438943e-03 1.316547524306396008e+04
4.060772025700365266e-03 1.335184801271586730e+04
4.136343684063273698e-03 1.354197273336566832e+04
4.213321743847289226e-03 1.373563570741763215e+04
4.291732378422157684e-03 1.393290278236960330e+04
4.371602248248502090e-03 1.413384103115260223e+04
4.452958509942655727e-03 1.432524488091415515e+04
4.535828825510186679e-03 1.451401866507401792e+04
4.620241371751312651e-03 1.470630556147808966e+04
4.706224849841281720e-03 1.490217094974300016e+04
4.793808495089106961e-03 1.510085115723666422e+04
4.883022086877879774e-03 1.529048379416545322e+04
4.973895958790062848e-03 1.548364552673460457e+04
5.066461008921268640e-03 1.568040203201450095e+04
5.160748710385907809e-03 1.588082020933694184e+04
5.256791122018419048e-03 1.607268339257394473e+04
5.354620899273607876e-03 1.625720721385227444e+04
5.454271305329836186e-03 1.644516505484242225e+04
5.555776222398878077e-03 1.663662082323554205e+04
5.659170163246242738e-03 1.683163961605579607e+04
5.764488282925873605e-03 1.703905724928361087e+04
5.871766390733255264e-03 1.725074278398146998e+04
5.981040962380944001e-03 1.746636782249961834e+04
6.092349152400711350e-03 1.768600567967446113e+04
6.205728806776500406e-03 1.789724816692588865e+04
6.321218475812448445e-03 1.809186374987258023e+04
6.438857427240419345e-03 1.829010116193292561e+04
6.558685659571435525e-03 1.849202780596299635e+04
6.680743915695614224e-03 1.869771233919747829e+04
6.805073696735206880e-03 1.889207679977521911e+04
6.931717276155407136e-03 1.908633118406229914e+04
7.060717714137772563e-03 1.928420067549449595e+04
7.192118872221192789e-03 1.948575255183093395e+04
7.325965428215230023e-03 1.969233303524818257e+04
7.462302891391108146e-03 1.990712419212932946e+04
7.601177617955329896e-03 2.012591264898804729e+04
7.742636826811269413e-03 2.034877279625705705e+04
7.886728615614155974e-03 2.057578040878774118e+04
8.033501977124733739e-03 2.080701267161430951e+04
8.183006815867388886e-03 2.099601146854028775e+04
8.335293965098196367e-03 2.117527044143257444e+04
8.490415204088747059e-03 2.135786545431235572e+04
8.648423275731726215e-03 2.154385859145147697e+04
8.809371904473990364e-03 2.173331309252058782e+04
8.973315814583519498e-03 2.192418111431762372e+04
9.140310748756232812e-03 2.207787554417205683e+04
9.310413487069076066e-03 2.223443025351809410e+04
9.483681866285927423e-03 2.239389847264378841e+04
9.660174799522646544e-03 2.255633442246187769e+04
9.839952296278226679e-03 2.272179333294552634e+04
1.002307548283865382e-02 2.297959434834523563e+04
1.020960662306046561e-02 2.312425750024086301e+04
1.039960913954119694e-02 2.326954828340534732e+04
1.059314763518369971e-02 2.341754295276662015e+04
1.079028791516184124e-02 2.355375304846822473e+04
1.099109700929497280e-02 2.368450444870197680e+04
1.119564319483878218e-02 2.381768915474220921e+04
1.140399601970032428e-02 2.394650153055338524e+04
1.161622632608501869e-02 2.406201951390694376e+04
1.183240627458378644e-02 2.417968730658678396e+04
1.205260936870842549e-02 2.429954491691027579e+04
1.227691047988359145e-02 2.439184947193410335e+04
1.250538587290390795e-02 2.448476175535041330e+04
1.273811323186478488e-02 2.457940315217068201e+04
1.297517168657587490e-02 2.466760499507263739e+04
1.321664183946605169e-02 2.475243768533717230e+04
1.346260579298910395e-02 2.483884912640232142e+04
1.371314717753944860e-02 2.491114961774034236e+04
1.396835117988739702e-02 2.494428731803685514e+04
1.422830457214352591e-02 2.497804171657445841e+04
1.449309574126216547e-02 2.501242429021236239e+04
1.476281471909390332e-02 2.505375317742907646e+04
1.503755321299737706e-02 2.509625786727594459e+04
1.531740463702079870e-02 2.513955357663329050e+04
1.560246414366368677e-02 2.515115097948355105e+04
1.589282865622978005e-02 2.514095384655630914e+04
1.618859690178198543e-02 2.513056694325018907e+04
1.648986944471064753e-02 2.511794985862083922e+04
1.679674872092653051e-02 2.509915414179358777e+04
1.710933907269014329e-02 2.508000863347797349e+04
1.742774678408919031e-02 2.506050682399488505e+04
1.775208011717635190e-02 2.500251428980078708e+04
1.808244934877951612e-02 2.493989091133017064e+04
1.841896680799710861e-02 2.487610210113047651e+04
1.876174691439120440e-02 2.479429623998238094e+04
1.911090621689138028e-02 2.469836294103544788e+04
1.946656343342262341e-02 2.460064430707149222e+04
1.982883949127071249e-02 2.446929683313790883e+04
2.019785756819878278e-02 2.422954830523332566e+04
2.057374313432912619e-02 2.398533801642978506e+04
2.095662399480432980e-02 2.373869657020831437e+04
2.134663033324244244e-02 2.365504325122458977e+04
2.174389475600079988e-02 2.356983312974046203e+04
2.214855233726359396e-02 2.348303723339650605e+04
2.256074066496860375e-02 2.329543924318310746e+04
2.298059988758851049e-02 2.302230687972232045e+04
2.340827276178293267e-02 2.274409147650242812e+04
2.384390470093720321e-02 2.248817470802644675e+04
2.428764382460451773e-02 2.233302194026977668e+04
2.473964100886812817e-02 2.217498175310498482e+04
2.520004993764092191e-02 2.201400041116557259e+04
2.566902715491950482e-02 2.181068258218140181e+04
2.614673211801091940e-02 2.159747011817811654e+04
2.663332725174982069e-02 2.138028973394035347e+04
2.712897800372465751e-02 2.112910799402933480e+04
2.763385290053169824e-02 2.084590969532869349e+04
2.814812360507579908e-02 2.055744102810135519e+04
2.867196497493769772e-02 2.026429340947099263e+04
2.920555512182746588e-02 1.996878341152034045e+04
2.974907547214440673e-02 1.966777392222503113e+04
3.030271082866396390e-02 1.936116259511538010e+04
3.086664943337272954e-02 1.905562840561454504e+04
3.144108303147264555e-02 1.874569108598506864e+04
3.202620693657651924e-02 1.842998578009959601e+04
3.262222009711669701e-02 1.812035089945993241e+04
3.322932516398971470e-02 1.781697642921501392e+04
3.384772855945981235e-02 1.750795610845784176e+04
3.447764054734463873e-02 1.719887088518022210e+04
3.511927530450729279e-02 1.691433810044268830e+04
3.577285099367873145e-02 1.662451011216623374e+04
3.643858983763544751e-02 1.632928837571199620e+04
3.711671819475764744e-02 1.605198689056272269e+04
3.780746663599349189e-02 1.577479181414873710e+04
3.851107002325571127e-02 1.549243809019628316e+04
3.922776758927719321e-02 1.523706305403649276e+04
3.995780301895269365e-02 1.501271100789947741e+04
4.070142453219436490e-02 1.478418373200900351e+04
4.145888496832911274e-02 1.454527476204865707e+04
4.223044187206674571e-02 1.426221007554900461e+04
4.301635758106794882e-02 1.397387750706844599e+04
4.381689931514192587e-02 1.368017902042694550e+04
4.463233926710395011e-02 1.344840338782042818e+04
4.546295469532399269e-02 1.323003586885637742e+04
4.630902801799739038e-02 1.300760449320786392e+04
4.717084690917017209e-02 1.279807268492121693e+04
4.804870439655131720e-02 1.260550631184798840e+04
4.894289896114529387e-02 1.240935624580554941e+04
4.985373463873893352e-02 1.221501802357811357e+04
5.078152112327673218e-02 1.206151511462599228e+04
5.172657387216018920e-02 1.190515549041882514e+04
5.268921421350674511e-02 1.174588598699962677e+04
5.366976945540476163e-02 1.159911145527468580e+04
5.466857299720180585e-02 1.145429596500772823e+04
5.568596444286411790e-02 1.130678543382566204e+04
5.672228971644543288e-02 1.116291464678138982e+04
5.777790117970504208e-02 1.102500064085008125e+04
5.885315775191450605e-02 1.088452003180147767e+04
5.994842503189409116e-02 1.074174566029292509e+04
6.106407542232039631e-02 1.059975784937222124e+04
6.220048825634711537e-02 1.045512762113018653e+04
6.335804992658250478e-02 1.030780579973084423e+04
6.453715401646702154e-02 1.017419541779596148e+04
6.573820143409585259e-02 1.004379981530939222e+04
6.696160054853218802e-02 9.910977528472918493e+03
6.820776732865685421e-02 9.742882323069050472e+03
6.947712548460235893e-02 9.522603806404185889e+03
7.077010661181890039e-02 9.298225869062443962e+03
7.208715033782135684e-02 9.071354482712793470e+03
7.342870447166761905e-02 8.866192012173727562e+03
7.479522515621821188e-02 8.657211433148266224e+03
7.618717702322995444e-02 8.444341689987801146e+03
7.760503335133571434e-02 8.215988718450342276e+03
7.904927622696424072e-02 7.978863304399786102e+03
8.052039670825474060e-02 7.737324946045405341e+03
8.201889499202202893e-02 7.497318595540763454e+03
8.354528058382866551e-02 7.262834249096070380e+03
8.510007247122246266e-02 7.023986109065083838e+03
8.668379930019778912e-02 6.782054562483152040e+03
8.829699955494087205e-02 6.571376469457233725e+03
8.994022174092043687e-02 6.356777621271905446e+03
9.161402457138516364e-02 6.138185052006516344e+03
9.331897715733239451e-02 5.937676067646504634e+03
9.505565920101195776e-02 5.743222235465829726e+03
9.682466119303123619e-02 5.545149584380720626e+03
9.862658461312820424e-02 5.368029999869241692e+03
1.004620421346813092e-01 5.232983977307584610e+03
1.023316578330244891e-01 5.095424725287036381e+03
1.042360673976401170e-01 4.955748874570835142e+03
1.061759183483000080e-01 4.848628457232844994e+03
1.081518702552288075e-01 4.739514510700804749e+03
1.101645949633656973e-01 4.628369935057181465e+03
1.122147768207980290e-01 4.543824742200782566e+03
1.143031129114478600e-01 4.471886723172233360e+03
1.164303132920876810e-01 4.398609925368486984e+03
1.185971012337669467e-01 4.324824257030832996e+03
1.208042134677328877e-01 4.251420160122630477e+03
1.230524004359261625e-01 4.176650000480325616e+03
1.253424265461399456e-01 4.100488355443961154e+03
1.276750704319265795e-01 3.996671246973035522e+03
1.300511252173408572e-01 3.890603941304066211e+03
1.324713987866117382e-01 3.782562705028151413e+03
1.349367140588306480e-01 3.660228752563211401e+03
1.374479092677536596e-01 3.528844652698716345e+03
1.400058382468097606e-01 3.395015472379679068e+03
1.426113707194128222e-01 3.264646433521675135e+03
1.452653925946781333e-01 3.145525909039750786e+03
1.479688062686396188e-01 3.024188531327854434e+03
1.507225309310755434e-01 2.900593044370228199e+03
1.535275028780422601e-01 2.818522171821430220e+03
1.563846758302246120e-01 2.736590587047246572e+03
1.592950212572122881e-01 2.653134241538432434e+03
1.622595287078087145e-01 2.568124759238296974e+03
1.652792061464895546e-01 2.481533236006905554e+03
1.683550802961202297e-01 2.393330229793399212e+03
1.714881969870539202e-01 2.318154080700392569e+03
1.746796215127245644e-01 2.279510262352715472e+03
1.779304389918577312e-01 2.240147275967661699e+03
1.812417547374237659e-01 2.200051737705498454e+03
1.846146946324547511e-01 2.150432974238920451e+03
1.880504055128581486e-01 2.098780471888364900e+03
1.915500555573527997e-01 2.046166707677502927e+03
1.951148346846616477e-01 1.980784939684177743e+03
1.987459549580983809e-01 1.912342191574555272e+03
2.024446509976803865e-01 1.842625712275138994e+03
2.062121803999142355e-01 1.771363256411757220e+03
2.100498241653915299e-01 1.698046665785927416e+03
2.139588871343421628e-01 1.623365640932820952e+03
2.179406984302955930e-01 1.547294789499841954e+03
2.219966119119954895e-01 1.493510801290826748e+03
2.261280066337277295e-01 1.440953716701318399e+03
2.303362873142131284e-01 1.387418535822356716e+03
2.346228848142262458e-01 1.341770488592954962e+03
2.389892566231050230e-01 1.301945321693979395e+03
2.434368873543110434e-01 1.261379001657693152e+03
2.479672892502157722e-01 1.220026970994363637e+03
2.525820026962784515e-01 1.177802496532380928e+03
2.572825967447932016e-01 1.134792217411944421e+03
2.620706696483852682e-01 1.090981509675235202e+03
2.669478494034320804e-01 1.048786792494462134e+03
2.719157943036019098e-01 1.006108979557991347e+03
2.769761935036890721e-01 9.626369252591352961e+02
2.821307675939470627e-01 9.309234172679317680e+02
2.873812691851066470e-01 9.090444412756337442e+02
2.927294835042815735e-01 8.867582938026366719e+02
2.981772290019673588e-01 8.640573973178682081e+02
3.037263579703311511e-01 8.409340332712198460e+02
3.093787571730136632e-01 8.173803394691831272e+02
3.151363484866479547e-01 7.933883074016684986e+02
3.210010895543171650e-01 7.689497795190820852e+02
3.269749744511767919e-01 7.440564464587248494e+02
3.330600343624588455e-01 7.186998442196089627e+02
3.392583382740991804e-01 6.928713512846861704e+02
3.455719936762139399e-01 6.665621856895556903e+02
3.520031472796679162e-01 6.397634020366319874e+02
3.585539857459816848e-01 6.124658884537593622e+02
3.652267364308175446e-01 5.846603634962696106e+02
3.720236681413066071e-01 5.563373729913955685e+02
3.789470919074667821e-01 5.274872868240065600e+02
3.859993617679767230e-01 5.100886714589653934e+02
3.931828755705770173e-01 4.946455515924467932e+02
4.005000757873611317e-01 4.789150326022229933e+02
4.079534503452448835e-01 4.628917659430681510e+02
4.155455334718875515e-01 4.465703035333399953e+02
4.232789065573548948e-01 4.299450959028077364e+02
4.311561990318228399e-01 4.130104903060387755e+02
4.391800892596086081e-01 3.957607288007368993e+02
4.473533054498463057e-01 3.781899462903579661e+02
4.556786265841064054e-01 3.602921685303698496e+02
4.641588833612777520e-01 3.464439448575795950e+02
4.727969591600390542e-01 3.333284949853201624e+02
4.815957910192351088e-01 3.199689643272043327e+02
4.905583706365045371e-01 3.075497295807499540e+02
4.996877453854883799e-01 2.962226436346028322e+02
5.089870193519679953e-01 2.846847586449177925e+02
5.184593543892912493e-01 2.731880526871443067e+02
5.281079711934331122e-01 2.631454103008609877e+02
5.379361503980703008e-01 2.529158725722879240e+02
5.479472336900287344e-01 2.424959613615686749e+02
5.581446249454961039e-01 2.333733506337249537e+02
5.685317913873753071e-01 2.244747901407388326e+02
5.791122647641758769e-01 2.154106258593750454e+02
5.898896425508499686e-01 2.068048174179854755e+02
6.008675891719686968e-01 1.988088537134219962e+02
6.120498372476697035e-01 1.906640836921299353e+02
6.234401888627864041e-01 1.825515057858740136e+02
6.350425168595962289e-01 1.757941718390311223e+02
6.468607661546327270e-01 1.689110826410786217e+02
6.588989550799949635e-01 1.618998978949834679e+02
6.711611767496279413e-01 1.556623213739565017e+02
6.836516004510237998e-01 1.495840577235761373e+02
6.963744730628221857e-01 1.433926764416094102e+02
7.093341204987996251e-01 1.375369064151926466e+02
7.225349491787214085e-01 1.321835566424189494e+02
7.359814475265763489e-01 1.267305799780778415e+02
7.496781874966876869e-01 1.212659384834892649e+02
7.636298261282241651e-01 1.166729615240592040e+02
7.778411071286490674e-01 1.119945082703794981e+02
7.923168624866253618e-01 1.072289880589199953e+02
8.070620141149499327e-01 1.030289873992048939e+02
8.220815755240540312e-01 9.897835052090395891e+01
8.373806535266489215e-01 9.485233038210282075e+01
8.529644499741024788e-01 9.091259552297950108e+01
8.688382635251183927e-01 8.729411669604030521e+01
8.850074914473438081e-01 8.360829711601974168e+01
9.014776314524917122e-01 7.989636299357719906e+01
9.182542835656282154e-01 7.677816015306510167e+01
9.353431520292386780e-01 7.360192666642352322e+01
9.527500472427290479e-01 7.036658271754183147e+01
9.704808877380306509e-01 6.754784583411232290e+01
9.885417021919573610e-01 6.486447147051767104e+01
1.006938631476027135e+00 6.280691324528631014e+01
1.025677930744421928e+00 6.065097057891900789e+01
1.044765971560804196e+00 5.845490438248781828e+01
1.064209244064724613e+00 5.621796807606726532e+01
1.084014359178330889e+00 5.393940123630449790e+01
1.104188050854160164e+00 5.161842934988415266e+01
1.124737178364751955e+00 4.925426356446475751e+01
1.145668728634871458e+00 4.684610043739240837e+01
1.166989818617147456e+00 4.502144377562297706e+01
1.188707697711903322e+00 4.349509779849979196e+01
1.210829750232039315e+00 4.194034424541483475e+01
1.233363497913775975e+00 4.035665464697785154e+01
1.256316602474120137e+00 3.874349078535727386e+01
1.279696868215941530e+00 3.710030453221564528e+01
1.303512244681508836e+00 3.542653768727496555e+01
1.327770829355429116e+00 3.372162181815784976e+01
1.352480870417875458e+00 3.198497810227466331e+01
1.377650769549053633e+00 3.021601717166297618e+01
1.403289084785873220e+00 2.906704451421899194e+01
1.429404533431761104e+00 2.800570073379569536e+01
1.456005995020648536e+00 2.692460193209111097e+01
1.483102514336104516e+00 2.582338103332175905e+01
1.510703304486654019e+00 2.470166433620254409e+01
1.538817750038346421e+00 2.355907143564104089e+01
1.567455410205595090e+00 2.239521515144910424e+01
1.596626022101425235e+00 2.120970146569591819e+01
1.626339504048192275e+00 2.031616326740820000e+01
1.656605958949913582e+00 1.951106131589468973e+01
1.687435677727375793e+00 1.869097237907371678e+01
1.718839142817145671e+00 1.785561889734755070e+01
1.750827031735725070e+00 1.700471857496787464e+01
1.783410220710007987e+00 1.613798438377793687e+01
1.816599788375326652e+00 1.525512458432658036e+01
1.850407019542302134e+00 1.435584276775814949e+01
1.884843409033795325e+00 1.376202517230082378e+01
1.919920665593284781e+00 1.326687480865263780e+01
1.955650715865949074e+00 1.276249821501961179e+01
1.992045708453869191e+00 1.224872511857918589e+01
2.029118018046677907e+00 1.172538266915671734e+01
2.066880249629082122e+00 1.119229552733019872e+01
2.105345242766706093e+00 1.064928598089952594e+01
2.144526075971667556e+00 1.022674757964842485e+01
2.184436071149426173e+00 9.882773990385109286e+00
2.225088798128369572e+00 9.532374191630623272e+00
2.266498079273692845e+00 9.175429963913112275e+00
2.308677994187169791e+00 8.811821721313048528e+00
2.351642884494348440e+00 8.441428692417487056e+00
2.395407358720877067e+00 8.064129146811938043e+00
2.439986297259550074e+00 7.679800675924005837e+00
2.485394857429798599e+00 7.288320538640615354e+00
2.531648478631355559e+00 6.889566084012007430e+00
2.578762887593800901e+00 6.483415265579707487e+00
2.626754103723835776e+00 6.069747264474913528e+00
2.675638444552045137e+00 5.853125790653812999e+00
2.725432531281027693e+00 5.659525356936573104e+00
2.776153294436801033e+00 5.462253968701683782e+00
2.827817979625341316e+00 5.261245184828781341e+00
2.880444153396297668e+00 5.056433177245865274e+00
2.934049709215786894e+00 4.847753235026527108e+00
2.988652873550382782e+00 4.635142382750240486e+00
3.044272212064302874e+00 4.418540135472765584e+00
3.100926635931926523e+00 4.197889416685693931e+00
3.158635408267818967e+00 3.973137670332164362e+00
3.217418150676371713e+00 3.744238203373508433e+00
3.277294849923381825e+00 3.539610915674673564e+00
3.338285864731760810e+00 3.418450151653840585e+00
3.400411932703705897e+00 3.294869561710749295e+00
3.463694177371734462e+00 3.168828172674699406e+00
3.528154115380882860e+00 3.040288810711027079e+00
3.593813663804625858e+00 2.909219418898311371e+00
3.660695147596902288e+00 2.775594664032439152e+00
3.728821307182833777e+00 2.639397885912964536e+00
3.798215306190736218e+00 2.500623450080690091e+00
3.868900739327975735e+00 2.359279573069624991e+00
3.940901640403447814e+00 2.215391697377026681e+00
4.014242490499322358e+00 2.069006501011060539e+00
4.088948226294860433e+00 1.943097251995103081e+00
4.165044248545185290e+00 1.869052924643225033e+00
4.242556430717777438e+00 1.793225971337800928e+00
4.321511127789761986e+00 1.715601519713345402e+00
4.401935185208874834e+00 1.636178550268469811e+00
4.483855948021186144e+00 1.554973756348808633e+00
4.567301270168746541e+00 1.472026102673956727e+00
4.652299523960189198e+00 1.387402139063748541e+00
4.738879609717651320e+00 1.301202102383287373e+00
4.827070965603183161e+00 1.213566800511778565e+00
4.916903577628025879e+00 1.124685212219631358e+00
5.008407989848212338e+00 1.034802650490485032e+00
5.101615314749833985e+00 9.659611166903964152e-01
5.196557243827657047e+00 9.082880580424986805e-01
5.293266058360561743e+00 8.492740280997060909e-01
5.391774640387500206e+00 7.891072583797363871e-01
5.492116483887789613e+00 7.280359710558617081e-01
5.594325706169377632e+00 6.663748907630675511e-01
5.698437059469141808e+00 6.045099758396330625e-01
5.804485942768978113e+00 5.429002808359970622e-01
5.912508413831875309e+00 4.820757013928687051e-01
6.022541201461927507e+00 4.226292987231258791e-01
6.134621717992506440e+00 3.652030263654913456e-01
6.248788072006894012e+00 3.104660618621520318e-01
6.365079081295570873e+00 2.678395888751648468e-01
6.483534286054720930e+00 2.289442028228098336e-01
6.604193962330305645e+00 1.923145266454240054e-01
6.727099135712336420e+00 1.584333002450469263e-01
6.852291595284064840e+00 1.277147332804539070e-01
6.979813907830660469e+00 1.004742585588289938e-01
7.109709432312431687e+00 7.690375222121584309e-02
7.242022334607315592e+00 5.705594428150110448e-02
7.376797602527730646e+00 4.084080066556173422e-02
7.514081061116970162e+00 2.803502590448665385e-02
7.653919388230147725e+00 1.830381249075249336e-02
7.796360130405228794e+00 1.124242550172516522e-02
7.941451719029339884e+00 6.639009572286785205e-03
8.089243486805937522e+00 3.528389818770336084e-03
8.239785684528520449e+00 1.592208462545110191e-03
8.393129498166365110e+00 5.303141904632309531e-04
8.549327066268375575e+00 7.664322950185910419e-05
8.708431497690723333e+00 9.007289352359032334e-06
8.870496889654402750e+00 1.530019949748416606e-04
9.035578346138930073e+00 3.809772917887694244e-04
9.203731996618220279e+00 6.074034646787022668e-04
9.375015015145288899e+00 7.820468494207043469e-04
9.549485639791965852e+00 8.822201473087429692e-04
9.727203192450536662e+00 9.127911922486904193e-04
9.908228099003798306e+00 9.053638705953346048e-04
1.009262190987048413e+01 8.457671233729136461e-04
1.028044732093309754e+01 7.484101561951115580e-04
1.047176819485520305e+01 6.286660049919922267e-04
1.066664958279538844e+01 5.009082621799642579e-04
1.086515774652537303e+01 3.772056392986104464e-04
1.106736018095974572e+01 2.665806581744393599e-04
1.127332563710487179e+01 1.747380153773301801e-04
1.148312414543511117e+01 1.041742350587674223e-04
1.169682703970384630e+01 5.458656127490832090e-05
1.191450698119774820e+01 2.350146885941905347e-05
1.213623798344241678e+01 7.161197765442968143e-06
1.236209543736769056e+01 7.776164974180240963e-07
1.259215613694150981e+01 3.016424738513638968e-07
1.282649830528059809e+01 2.539839142913119856e-06
1.306520162124719953e+01 5.053229729796898671e-06
1.330834724654076062e+01 6.400664233578051426e-06
1.355601785329368880e+01 6.150927415227082626e-06
1.380829765218092398e+01 4.666796980715506938e-06
1.406527242105236475e+01 2.724702553533270539e-06
1.432702953409829405e+01 1.089644539810995305e-06
1.459365799155757593e+01 1.900837308059941446e-07
1.486524844997857109e+01 7.151426678333707192e-09
1.514189325304351996e+01 2.072936610634775401e-07
1.542368646296627333e+01 4.163693710040048877e-07
1.571072389247448875e+01 4.167048010558254179e-07
1.600310313738701851e+01 2.372932754138672838e-07
1.630092360979741173e+01 5.554906184333977068e-08
1.660428657187529566e+01 5.542799730317315546e-10
1.691329517029647178e+01 4.377968945969245909e-08
1.722805447131392143e+01 7.308908553291931941e-08
1.754867149648152136e+01 4.228726940337257741e-08
1.787525525904235479e+01 4.296236075932220591e-09
1.820791680099462440e+01 4.839387029852750249e-09
1.854676923084697648e+01 1.681156339337226337e-08
1.889192776207664437e+01 9.251277509893513937e-09
1.924350975230332139e+01 4.431344717986174471e-11
1.960163474319185539e+01 4.225934377019983590e-09
1.996642450109793288e+01 4.200369545828356845e-09
2.033800305846979839e+01 3.684363253856379874e-11
2.071649675602066765e+01 1.856769494497235399e-09
2.110203428568596706e+01 1.017088511211001341e-09
2.149474673437980599e+01 2.076656579308650517e-10
2.189476762856620695e+01 8.297014292868485095e-10
2.230223297965936169e+01 4.587433292018756674e-12
2.271728133026902796e+01 4.247223494270598442e-10
2.314005380130653933e+01 1.854944642308743427e-12
2.357069413996727647e+01 2.028553490458108212e-10
2.400934876860651812e+01 2.745336421151849615e-11
2.445616683452444207e+01 5.633003792985259950e-11
2.491130026067791192e+01 6.807525161959103415e-11
2.537490379733571544e+01 1.964319568375132296e-12
2.584713507469563609e+01 1.669944144750527195e-11
2.632815465648020137e+01 2.772438537386253106e-11
2.681812609453012897e+01 1.449161194329674137e-11
2.731721598441379228e+01 3.629775277469555400e-12
2.782559402207125743e+01 3.658258590410921173e-13
2.834343306151309250e+01 1.156648236271556504e-15
2.887090917359234510e+01 3.381472820767750277e-18
2.940820170587060645e+01 8.934785933669335031e-14
2.995549334359816385e+01 5.899413976055281194e-13
3.051297017182870874e+01 1.333210472319102589e-12
3.108082173869063780e+01 1.163963096438486825e-12
3.165924111983520461e+01 9.442429524710468926e-14
3.224842498408438729e+01 3.767103365834683921e-13
3.284857366030046677e+01 2.257158143257459925e-13
3.345989120549975127e+01 2.036030565454518432e-13
3.408258547423452001e+01 8.924130044209630904e-15
3.471686818926559681e+01 1.158618638756357534e-13
3.536295501355039050e+01 1.074043478586935311e-13
3.602106562357073472e+01 7.182233605938602895e-14
3.669142378402494131e+01 5.382572915187431146e-14
3.737425742391064176e+01 3.247075042993697795e-14
3.806979871402283777e+01 1.909425753364627763e-15
3.877828414589453132e+01 1.460137229236387498e-14
3.949995461220647286e+01 1.986199169101837645e-15
4.023505548869292880e+01 9.521281440984327728e-15
4.098383671757261482e+01 6.658801980528618540e-15
4.174655289253134782e+01 4.762579089462090283e-15
4.252346334528677829e+01 3.096758467785826921e-15
4.331483223376402947e+01 1.728719719319151943e-17
4.412092863191190162e+01 1.688329269015531071e-15
4.494202662119142389e+01 7.202502391773640891e-16
4.577840538376616308e+01 4.335118960853216588e-16
4.663034929742726575e+01 6.007058459711121419e-16
4.749814803228504445e+01 6.136967832445246845e-17
4.838209664925957298e+01 3.030996405076028544e-16
4.928249570040513561e+01 2.239892237836779599e-16