# Matter power spectrum for warm dark matter with a DM mass of 3 keV
# k [h/Mpc]	P(k) [Mpc/h]^-3
1.029181190384678100e-04 4.438005115881818483e+02
1.124092363223904090e-04 4.895534070936117246e+02
1.223056430487720159e-04 5.316968291195302072e+02
1.330733204046691774e-04 5.766512687550113014e+02
1.447889742623084935e-04 6.251115112539406482e+02
1.575360636090047321e-04 6.789245127575682091e+02
1.714053950852590128e-04 7.356323114477862646e+02
1.864957698654493403e-04 7.982058664897899689e+02
2.029146874893076452e-04 8.661019851680880492e+02
2.207791116580786655e-04 9.388868978253793784e+02
2.402163034506748173e-04 1.019711392551230119e+03
2.613647278954218207e-04 1.105926979576578560e+03
2.855894814253103625e-04 1.204536788247959521e+03
3.094111597551952881e-04 1.301456789119812584e+03
3.366514362911629055e-04 1.409496895167942284e+03
3.662899219490738903e-04 1.529389986021639288e+03
3.985377528745168759e-04 1.660264561797693659e+03
4.336246534469279904e-04 1.798939696917678248e+03
5.212734406762158362e-04 2.160390212509737466e+03
5.671658793526685978e-04 2.327620980953357048e+03
6.170986465080475700e-04 2.518469868889826557e+03
6.714274489796536339e-04 2.733983033424868609e+03
7.305393097105849706e-04 2.959547047414679128e+03
7.948553247911530843e-04 3.191649445644238767e+03
8.648336632277122977e-04 3.484443971635061644e+03
9.491280680745486399e-04 3.790882954213045650e+03
1.023815221316662230e-03 4.065817848836066332e+03
1.113950980390331037e-03 4.392963580953693054e+03
1.212022209551403239e-03 4.750913921535544432e+03
1.318727540354715623e-03 5.138031006608109237e+03
1.434827111240525102e-03 5.546212832556383546e+03
1.561147982544648215e-03 5.986821944914605410e+03
1.698590028241159667e-03 6.465484718622518812e+03
1.848132346388749658e-03 6.946267902864082316e+03
2.238803711794852373e-03 8.255787550212146016e+03
2.435905950341432213e-03 8.852974222439348523e+03
2.650360890348797335e-03 9.506807543433242245e+03
2.883696247839897739e-03 1.019448739539618327e+04
3.137574237564126102e-03 1.092675353682376590e+04
3.413803414142620347e-03 1.168401795761212270e+04
3.714351555697213356e-03 1.248197792285043397e+04
4.041359681742333169e-03 1.330301004154875227e+04
4.397157305199328112e-03 1.419813296504974460e+04
4.788358376144993128e-03 1.508926637058896449e+04
5.205482592785562815e-03 1.597590666319919364e+04
5.663768536456227978e-03 1.684031294047885967e+04
6.162401556967988733e-03 1.782423593951760267e+04
6.704933774197321429e-03 1.873847549535685903e+04
7.295230033417548880e-03 1.964391134063826757e+04
8.066176009988929377e-03 2.085848856940052428e+04
8.965089151220561117e-03 2.191660967305541999e+04
9.914976991492159900e-03 2.279084259969742925e+04
1.002514068652411022e-02 2.298320041908765052e+04
1.066225532325839644e-02 2.347038809560491427e+04
1.133985967211081046e-02 2.391159180602151901e+04
1.206052692272867669e-02 2.430385447989914610e+04
1.282699379531104106e-02 2.461554750886464535e+04
1.364217093325164123e-02 2.490193350243751775e+04
1.450915395625190611e-02 2.501450941548755873e+04
1.543123521587802874e-02 2.515716426300152671e+04
1.641191629820349177e-02 2.512272432656670935e+04
1.745492132101567409e-02 2.505884244017829769e+04
1.856421107608246038e-02 2.484857021891839395e+04
1.974399807018376723e-02 2.452441772580598627e+04
2.095176730163215637e-02 2.373973829302945887e+04
2.233326937578753585e-02 2.344341686874487277e+04
2.375258639590380541e-02 2.252010402644150236e+04
2.526210341180644067e-02 2.199230350018302488e+04
2.686755278569821770e-02 2.127574863203841596e+04
2.857503118108963014e-02 2.031797675686486036e+04
3.039102271476285672e-02 1.931225418585750231e+04
3.232242358008208943e-02 1.827016122801669189e+04
3.437656823515681387e-02 1.724369137865526500e+04
3.656125725530731674e-02 1.627489153770256962e+04
3.888478695560126236e-02 1.534246671504099504e+04
4.135598089595259041e-02 1.458302765991791057e+04
4.398422338842282453e-02 1.361879205581394490e+04
4.677949513396786885e-02 1.288391941178799425e+04
4.975241112396028981e-02 1.223178206845695968e+04
5.291426095041763811e-02 1.170865185033096350e+04
5.627705167801363983e-02 1.122108430826432414e+04
5.985355344067825462e-02 1.075381988145943978e+04
6.365734793593888496e-02 1.026971441418418544e+04
6.770288000115880223e-02 9.830498124070712947e+03
7.200551246753256196e-02 9.083839276837263242e+03
7.658158450014598828e-02 8.384025367069109052e+03
8.144847364564522518e-02 7.584947093438635420e+03
8.662466182313996454e-02 6.789777702175992999e+03
9.212980550894042664e-02 6.070825935251541523e+03
9.798481038165315904e-02 5.415249320598165468e+03
1.042119107110980047e-01 4.957082829849658083e+03
1.108347537925257892e-01 4.591363126187668968e+03
1.178784897467733128e-01 4.348723824333713310e+03
1.253698670273689919e-01 4.099575740531433439e+03
1.333373339972775407e-01 3.743907277151694416e+03
1.418111469610184305e-01 3.300562894914435219e+03
1.508234850624070034e-01 2.896061917985469790e+03
1.706028084139926682e-01 2.328874934656967525e+03
1.816143713112104430e-01 2.195539857318222403e+03
1.920246439572685371e-01 2.039031742819832061e+03
2.052399889745060713e-01 1.789936570690289727e+03
2.182833372034853336e-01 1.540748818986518472e+03
2.321556122603816441e-01 1.364274194411818144e+03
2.469094938462950972e-01 1.229705765366800279e+03
2.626010095463776617e-01 1.086128919338974583e+03
2.792897475935245954e-01 9.427620237350705565e+02
3.800563598770406726e-01 5.228649477018841480e+02
4.572185173034762351e-01 3.569817301871353834e+02
4.862755269424091642e-01 3.128636050571134319e+02
5.171791586607293878e-01 2.745205593644780038e+02
5.500467684130390111e-01 2.403107260627947710e+02
5.850031703232292379e-01 2.103640076885997701e+02
6.221811106637471500e-01 1.832848707889400828e+02
6.617217719570411827e-01 1.602559353971591065e+02
7.037753091135104944e-01 1.397912794426839014e+02
7.485014196419284005e-01 1.216534659732500501e+02
7.960699500976949894e-01 1.059936062110980259e+02
8.466615410719080526e-01 9.234956413082132087e+01
9.004683131705796262e-01 8.008421683118318413e+01
9.576945965889847034e-01 6.944788365626385485e+01
9.959905973340412721e-01 6.375813232754155990e+01
1.933091245632555966e+00 1.394562065423274788e+01
2.507533272154605530e+00 7.271676868148868600e+00
3.578263482969834541e+00 2.999227580270301008e+00
4.522381872576849204e+00 1.626486706362854084e+00
6.233427753861963794e+00 6.712422541615165050e-01
8.015946357760670438e+00 3.455584474026223707e-01
9.701018343803639254e+00 2.000644380073274275e-01
1.114502326209076344e+01 1.371617036118405186e-01
1.236740888351240031e+01 1.016851720541138426e-01
1.376236724272906109e+01 7.358338739119282823e-02
1.499111706363815522e+01 5.621641830714600024e-02
1.632957374643771331e+01 4.240846194741672986e-02
1.778753228384398000e+01 3.219503448452272487e-02
1.941335804993564551e+01 2.348700760738819948e-02
2.110558562151648232e+01 1.726537842283415794e-02
2.300943643056442056e+01 1.249119263863934272e-02
2.520908334567559450e+01 8.519890715518762744e-03
2.787636624218474424e+01 5.459785151942995497e-03
3.048603862329692049e+01 3.590800748647170193e-03
3.290423379775852908e+01 2.436323802392189805e-03
3.495174433886146659e+01 1.745818659269707295e-03
3.742959680982664850e+01 1.206420320909853527e-03
3.949948256618282727e+01 8.323974010969486430e-04
4.193967852726233758e+01 5.661131025604966950e-04
4.473002495126637967e+01 3.637275697213202463e-04
4.766506692750633789e+01 2.268323892795919862e-04
5.005438198316846155e+01 1.479591644214639631e-04
5.289937589023600140e+01 9.757479746334759294e-05
5.561024623897159813e+01 6.244904262445863450e-05
5.945051719560592574e+01 3.152093427281732989e-05
6.315047882287896641e+01 1.793702276568817685e-05
6.621330821868565408e+01 1.020918993168934720e-05
6.884265954792749653e+01 6.692742070772411706e-06
7.106977987105962313e+01 4.666043704388550127e-06
7.309782782648011334e+01 3.217542006029864074e-06
7.427080598979006254e+01 2.368251461261092665e-06
7.680137413905389110e+01 1.691890862097029684e-06
7.843928325028889503e+01 1.199306735200390074e-06
8.100684726180838879e+01 8.192170018624664962e-07
8.371859890119633008e+01 5.401582198171089529e-07
8.620515943309754903e+01 3.647572255293832942e-07
8.917245210025626534e+01 2.444081147627087433e-07
9.178164057878619531e+01 1.577512480181604862e-07
9.422686733769270973e+01 1.039504986001108864e-07
9.672679420234699421e+01 6.682042745461943006e-08
9.915376292673275316e+01 4.553944164823039697e-08
1.014409780766414002e+02 3.151435310673369212e-08
1.039783706402140524e+02 2.063829523367054967e-08
1.065766017800378336e+02 1.427754368198277442e-08
1.090188967702829075e+02 9.962978005292418236e-09
1.115914976824358575e+02 6.935675158591495597e-09
1.142248061934479608e+02 4.684833649857113822e-09
1.166737860155957094e+02 3.225795159654155491e-09
1.194933642794894837e+02 2.139203810540066253e-09
1.223131390804525580e+02 1.442733444092261697e-09
1.254430330046061783e+02 9.346004113577872229e-10
1.280827326925330283e+02 6.330613345790392408e-10
1.314332336664707839e+02 4.120188260903270083e-10
1.341989852397754532e+02 2.781333064001646824e-10
1.379416454845705857e+02 1.819057107580948371e-10
1.399581175360600866e+02 1.280792379647427688e-10
1.416260509866087318e+02 9.296013278091360268e-11
1.440914139484043233e+02 6.682134075939221108e-11
1.476184983135134985e+02 4.594344916388488009e-11
1.494549358252853608e+02 3.452919154178651283e-11
1.520594674038593155e+02 2.465698407625729852e-11
1.544423308387940779e+02 1.871613580308726408e-11
1.564565499502441241e+02 1.436606265314855132e-11
1.589083183169074687e+02 1.062386442415614659e-11
1.618173163621151502e+02 7.676668604090269839e-12
2.500000000000000000e+02 1.263309363339437863e-15
